	Variant	Original	ACA201	ACA202	ACA321	ACA903B	Antequera	ANZA	ARAGON03	ArturNick	Aucan	Baquette9	BIOINTA1001	BIOINTA1004	BIOINTA1005	BIOINTA2004	BuckBaqueano	BuckBrasil	BuckHuanchen	BuckNorteno	BuckPuelche	Bulel	CATEDRAL	DMarioAtlax	DonPedro	Escacena	HT435	HT444	HT460	INIACondor	Jerezano	KleinDonEnrique	KleinGavilan	KleinLeon	KleinRayo	KleinRendidor	KleinTigre	MarcosJuarez	OlaetaArtillero	proINTAGaucho	proINTAGranar	proINTAGuazu	proINTAOasis	RelmoSiriri	THA85	XEIXA
0	PFPQPQLSY	DQ2.5_glia_a1a	0.0	0.0	0.0	0.0	0.0	0.0	0.05966968550967053	0.0626865669940663	0.2285843091587723	0.05577610151691921	0.0	0.0	0.06013179555153268	0.05898234671031703	0.0	0.05606468987583641	0.0	0.0	0.0	0.0	0.0	0.06297297280277575	0.0	0.0	0.0	0.0	0.23225535391744917	0.06164772709759168	0.0	0.0	0.0	0.06038251349622264	0.06185860871762084	0.0	0.05980066428626616	0.05839925533178395	0.0	0.0	0.0	0.058220127368394436	0.0	0.0617782908147278	0.069130296052468	0.0
1	PFSQPQLPY	DQ2.5_glia_a1a	0.0	0.0	0.0	0.0	0.0	0.0	0.010655300983869737	0.011668928055172514	0.023444544529104848	0.009130607365759016	0.0	0.0	0.009610104311888783	0.008722741414906041	0.0	0.01078167112996854	0.0	0.0	0.0	0.14638500402741741	0.16337579565803886	0.010270270242512782	0.15163438210764413	0.0	0.13463819651649409	0.14277016699308925	0.02141957151860743	0.010227272698217974	0.0	0.0	0.0	0.00928961746095733	0.009977194954454973	0.0	0.01135105201730052	0.009073987880237349	0.0	0.0	0.0	0.01053507066666185	0.0	0.010969976873643253	0.011787193336135095	0.0
2	PFPQPQVPY	DQ2.5_glia_a1a	0.0	0.0	0.0	0.0	0.0	0.0	0.0	0.0	0.0	0.0	0.0	0.0	0.0	0.0	0.0	0.0	0.0	0.0	0.0	0.01576911628750635	0.02643312093492637	0.0	0.025121065299270384	0.0	0.020166073487051978	0.024353120169396895	0.0	0.0	0.0	0.0	0.0	0.0	0.0	0.0	0.0	0.0	0.0	0.0	0.0	0.0	0.0	0.0	0.0	0.0
3	PFPQLQLPY	DQ2.5_glia_a1a	0.0	0.0	0.0	0.0	0.0	0.0	0.0	0.0	0.0	0.0	0.0	0.0	0.0	0.0	0.0	0.0	0.0	0.0	0.0	0.08092829490946654	0.095222929633048	0.0	0.09503631932495062	0.0	0.07740213500177302	0.08767123260982881	0.0	0.0	0.0	0.0	0.0	0.0	0.0	0.0	0.0	0.0	0.0	0.0	0.0	0.0	0.0	0.0	0.0	0.0
4	PFLQPQLPY	DQ2.5_glia_a1a	0.0	0.0	0.0	0.0	0.0	0.0	0.021576984492336217	0.021709633591018632	0.02569882765690339	0.01786423180257199	0.0	0.0	0.01812191098813314	0.01786085146861713	0.0	0.015633423138454384	0.0	0.0	0.0	0.0	0.0	0.017837837789627466	0.0	0.0	0.0	0.0	0.03191936147870911	0.01931818176330062	0.0	0.0	0.0	0.016666666621129325	0.017958950918018954	0.0	0.01882613505308379	0.019776640251799347	0.0	0.0	0.0	0.018020515614026848	0.0	0.019630484931782665	0.022937241086533156	0.0
5	PFPQPQLAY	DQ2.5_glia_a1a	0.0	0.0	0.0	0.0	0.0	0.0	0.05247735734555845	0.055630936076985237	0.0	0.05041683197614761	0.0	0.0	0.05436573296439941	0.0569055035162918	0.0	0.05363881387159349	0.0	0.0	0.0	0.0	0.0	0.05810810795105916	0.0	0.0	0.0	0.0	0.0	0.057954545289901856	0.0	0.0	0.0	0.057103824980590634	0.05957810701374541	0.0	0.06090808399527109	0.051884597366485354	0.0	0.0	0.0	0.05738841126313165	0.0	0.05889145479534799	0.06944886884533652	0.0
6	PQPQLPYSQ	DQ2.5_glia_a2	0.5440693845661759	0.519208380630481	0.5191585254727328	0.6527716157305027	0.5329210602658383	0.6602728019596213	1.614953260966023	1.8127135897968996	34.34721745177536	1.475963614222765	0.5430107506028773	0.5340449005003868	1.6994027757173007	1.6451292164755007	0.4580284105509505	1.541262126570011	0.5121359202583499	0.5557714708287156	0.47652819832310633	343300000.0	103.41932147763823	1.779061850584216	115.34478781214214	0.6302555621176604	343300000.0	336300000.00000006	34.63635913813518	1.769999987357143	0.6660722217295041	0.5119771165106288	0.54097087168555	1.5391733402888748	2.0431654512936417	0.5071659720130237	1.969856805050062	1.5589171891777218	0.4386292825781323	0.5905901750285175	0.5003561235742303	1.635409825341575	0.597285065416351	2.2839396425559926	6.7676238441873675	0.5409956056332518
7	PQPQLPYLQ	DQ2.5_glia_a2	0.0	0.0	0.0	0.0	0.0	0.0	0.38629283248415675	0.41285030476520634	3.166666226851913	0.2520571665133947	0.0	0.0	0.39615129133277177	0.4189860814165701	0.0	0.2645631051907579	0.0	0.0	0.0	26800000.000000004	7.645158824142315	0.4187627435842098	8.79310041617227	0.0	28400000.0	26600000.000000004	3.090908689492378	0.4392857111479592	0.0	0.0	0.0	0.37939543257621566	0.4980015947401952	0.0	0.6126601310274293	0.3869426731053998	0.0	0.0	0.0	0.40852458748508463	0.0	0.5554569604662204	1.775456872703476	0.0
8	FPPQQPYPQ	DQ2.5_glia_a3	3.748565953637457	3.7715930781458944	5.042268015246041	4.867129375968619	4.920881297341606	4.718479284319156	2.537481902930588	2.503691077502297	3.607219580544824	2.1640165494140353	5.123301958603437	5.028543282339846	2.5929254781301085	2.1357535706584083	3.727504774321938	2.6831214818707614	5.646956489003151	5.138816107182732	4.999999975609756	2.5669144901892365	2.7136666576211113	2.532508623324198	2.5956907395573805	5.0279937530949015	2.5856745829401833	2.6442675075023327	3.3237639420902556	2.6361733852431284	4.9228034285281685	5.11162076905392	5.256684463867998	2.68063453253327	2.644285280082706	3.8333333208550355	2.4941961622339055	2.342538631004463	3.6262030312753706	4.939030460074809	4.920322718505685	2.676435037231314	5.178327168972501	2.686173430302688	2.6798029474144	4.93960742355507
9	FRPQQLYPQ	DQ2.5_glia_a3	0.0	0.0	0.0	0.0	0.0	0.0	0.06483357434201571	0.06558773405568502	0.2178770940357667	0.0612067086447251	0.0	0.0	0.06349666551610128	0.062486248487378986	0.0	0.061483889856683745	0.0	0.0	0.0	0.0	0.0	0.06703107000278749	0.0	0.0	0.0	0.0	0.22049441698367458	0.06487294449963245	0.0	0.0	0.0	0.06614785972419078	0.06475678882495736	0.0	0.06268136952210862	0.06359260181506814	0.0	0.0	0.0	0.06344410856965525	0.0	0.0648878105976719	0.06681034462188934	0.0
10	FRPQKPYPQ	DQ2.5_glia_a3	0.0	0.0	0.0	0.0	0.0	0.0	0.0	0.0	0.0	0.0	0.0	0.0	0.0	0.0	0.0	0.0	0.0	0.0	0.0	0.041201982524157424	0.04666666651111111	0.0	0.04689480340020658	0.0	0.041062056063408285	0.0461783438019798	0.0	0.0	0.0	0.0	0.0	0.0	0.0	0.0	0.0	0.0	0.0	0.0	0.0	0.0	0.0	0.0	0.0	0.0
11	FRQQQPYPQ	DQ2.5_glia_a3	0.0	0.0	0.0	0.0	0.0	0.0	0.0	0.0	0.0	0.0	0.0	0.0	0.0	0.0	0.0	0.0	0.0	0.0	0.0	0.15241635640515377	0.17099999943	0.0	0.15874524664529388	0.0	0.14016671769013053	0.14936305684916223	0.0	0.0	0.0	0.0	0.0	0.0	0.0	0.0	0.0	0.0	0.0	0.0	0.0	0.0	0.0	0.0	0.0	0.0
12	FSPQQPYPQ	DQ2.5_glia_a3	0.0	0.0	0.0	0.0	0.0	0.0	0.061070911545380864	0.06643952280965496	0.10786420237273654	0.08037464587154292	0.0	0.0	0.08205276868062403	0.08074807462981722	0.0	0.08483594417725111	0.0	0.0	0.0	0.09851301084723355	0.09999999966666666	0.08084004579735315	0.09790874493691779	0.0	0.10466193237214592	0.10541401240314009	0.09130781462795927	0.07443946166086855	0.0	0.0	0.0	0.0841065546719349	0.07549985056550329	0.0	0.0	0.08563465901790053	0.0	0.0	0.0	0.08338368554868977	0.0	0.07671315925799528	0.10129310313641286	0.0
13	FRPQQPYPR	DQ2.5_glia_a3	0.0	0.0	0.0	0.0	0.0	0.0	0.06917510833813284	0.07438955118004102	0.1289213574176134	0.07449357422240563	0.0	0.0	0.07219483887447133	0.07722772260235923	0.0	0.06976056733739117	0.0	0.0	0.0	0.0	0.0	0.06674338300706736	0.0	0.0	0.0	0.0	0.1180223280780609	0.07204783237055953	0.0	0.0	0.0	0.06554923655926598	0.07042673807691215	0.0	0.07312826444246005	0.07423359494746998	0.0	0.0	0.0	0.0685800602157702	0.0	0.0739842326440745	0.08713054160366214	0.0
14	F*PQQPYPQ	DQ2.5_glia_a3	0.0	0.0	0.0	0.0	0.0	0.0	0.057018813149004886	0.05820556485461225	0.0	0.05532563699558781	0.0	0.0	0.05740794416524225	0.06028602847021776	0.0	0.058823529237884926	0.0	0.0	0.0	0.0	0.0	0.06185270407982536	0.0	0.0	0.0	0.0	0.0	0.06098654690288027	0.0	0.0	0.0	0.06255612073464197	0.06236944177150271	0.0	0.0638421356243699	0.05649860639346692	0.0	0.0	0.0	0.06253776416151732	0.0	0.061855669915537696	0.06711822639434044	0.0
15	FQPQQPYPQ	DQ2.5_glia_a3	0.1985340975190118	0.19705694114825034	0.19999999896907217	0.2012890421354038	0.19729594292791214	0.21077959475082	0.0	0.0	0.0	0.0	0.20062695819944115	0.2125984241505983	0.0	0.0	0.1914486273406234	0.0	0.21739130308758664	0.21634363427792752	0.19707316977037478	0.0	0.0	0.0	0.0	0.217210989024308	0.0	0.0	0.0	0.0	0.21584560581083997	0.21763506514966832	0.2181818170150705	0.0	0.0	0.20182291600969104	0.0	0.0	0.17634275015106254	0.2063968005677321	0.18961169848909884	0.0	0.20620725825246047	0.0	0.0	0.1982888767071521
16	FLPQQPYPQ	DQ2.5_glia_a3	0.21606118477991976	0.2159309014205665	0.18659793718248488	0.19633118395472884	0.17726589796061143	0.19008662083692673	0.06657018794046256	0.06700738197896824	0.12247528954673274	0.07318666941148623	0.18913270538593152	0.1860236211317735	0.06610611752361228	0.07458745858176577	0.2093171658924149	0.06414425047548256	0.20753623068094937	0.18596123527521613	0.0	0.09169764531692179	0.0	0.06703107000278749	0.08713561442605952	0.18558838680358536	0.09138623003585603	0.08821656022860969	0.11204146685788889	0.06606875914478696	0.19299136519557455	0.19724770541667835	0.19197860859904486	0.06674648288911558	0.06475678882495736	0.2161458326297336	0.0	0.07093995421601228	0.19931698168482773	0.19690154824137154	0.0	0.06888217501848284	0.19253024622551157	0.07307459043943423	0.07543103425052022	0.19275289283969352
17	FRPQQSYPQ	DQ2.5_glia_a3	0.39738686935185824	0.3915547012426273	0.32319587462270166	0.23500247776399363	0.3725588363917935	0.2410972076944311	0.12156295189127946	0.08120386121180051	0.0	0.12698758412766809	0.3923719937702612	0.3469488171902125	0.08524209891202637	0.08756875668301703	0.42278238537720997	0.1256281403321663	0.42782608447637055	0.38606600112066003	0.37024390063295654	0.0	0.0	0.09436133459619869	0.0	0.3706583702920769	0.0	0.0	0.0	0.08340807149952743	0.25038090274057434	0.4148827705663467	0.3983957197946753	0.12391499513943431	0.07609668732886694	0.4091796861680349	0.07980266953046236	0.12034456518787796	0.3908723986623024	0.2663668152605356	0.37518910552098284	0.12084592108505764	0.3734876361205279	0.08247422655405026	0.0	0.3754403604658261
18	PGQQQPFPPQQPY	p31-43	1.8123490796400517	1.8997867736325984	3.7773109016968136	3.4786810490126143	3.588472601795546	3.4283387436029376	1.3963150238572433	1.3287910505632734	1.2221865943501553	0.788203015670225	3.6910279043908027	3.817505698984521	1.508379882650354	0.7594579312268267	2.0910794524322363	1.5754399042476976	4.282834822608356	3.806356657996723	5.323773544726237	1.1021726332878077	1.430292594043743	1.3762268216058637	1.1174345043136569	3.5334833791025133	1.1109489018658425	1.162938327802484	1.0661280638356432	1.5187570992089536	3.5759636985489576	3.8509531839921824	3.9344557791073007	1.540530297194961	1.5100821452200064	2.012662800243622	1.6028368731172702	1.0478908942344085	2.0831772121274734	3.575287335774211	5.0448327884131245	1.5379650662947415	3.5870561077488192	1.4409709399008055	1.2960550079766378	3.5659622868877077
19	IGQQQPFPPQQPY	p31-43	0.0	0.0	0.0	0.0	0.0	0.0	0.0	0.0	0.0	0.0	0.0	0.0	0.0	0.0	0.0	0.0	0.0	0.0	0.0	0.07369348187406492	0.08089500832738379	0.0	0.07768744330717421	0.0	0.07094890490233896	0.07678355478602311	0.0	0.0	0.0	0.0	0.0	0.0	0.0	0.0	0.0	0.0	0.0	0.0	0.0	0.0	0.0	0.0	0.0	0.0
20	LGQQQQFPPQQPY	p31-43	0.0	0.0	0.0	0.0	0.0	0.0	0.07080924829909953	0.0677847656611294	0.07310035244276898	0.0	0.0	0.0	0.061824953214804634	0.07114624485842393	0.0	0.0	0.0	0.0	0.0	0.1444509684543424	0.17659208200828885	0.0672482731106933	0.15085817479416386	0.0	0.1325547441385263	0.141777508640334	0.07121484119923745	0.07048124262796043	0.0	0.0	0.0	0.06742424216884757	0.0690814037749014	0.0	0.15051221374896684	0.06882334262980226	0.0	0.0	0.0	0.07137433534026448	0.0	0.07502758339452893	0.07636626827229001	0.0
21	LGQQQPFRPQQPY	p31-43	0.0	0.0	0.0	0.0	0.0	0.0	0.0	0.0	0.0	0.0	0.0	0.0	0.0	0.0	0.0	0.0	0.0	0.0	0.0	0.019083969409618408	0.0230636832252541	0.0	0.021981330858231462	0.0	0.018978102134370504	0.019649334886187017	0.0	0.0	0.0	0.0	0.0	0.0	0.0	0.0	0.0	0.0	0.0	0.0	0.0	0.0	0.0	0.0	0.0	0.0
22	LGQ*QPFPPQQPY	p31-43	0.0	0.0	0.0	0.0	0.0	0.0	0.0	0.0	0.01218339207379483	0.0	0.0	0.0	0.0	0.0	0.0	0.0	0.0	0.0	0.0	0.03024075152601071	0.04956970723039687	0.0	0.042457091109734744	0.0	0.033868613039799676	0.04292623928982394	0.02004787546365088	0.0	0.0	0.0	0.0	0.0	0.0	0.0	0.0	0.0	0.0	0.0	0.0	0.0	0.0	0.0	0.0	0.0
23	LGKQQPFPPQQPY	p31-43	0.0	0.0	0.0	0.0	0.0	0.0	0.0	0.0	0.0	0.0	0.0	0.0	0.0	0.0	0.0	0.0	0.0	0.0	0.0	0.07985907199101858	0.1029259893186713	0.0	0.09454983410252986	0.0	0.07620437933954925	0.08706166841879785	0.0	0.0	0.0	0.0	0.0	0.0	0.0	0.0	0.0	0.0	0.0	0.0	0.0	0.0	0.0	0.0	0.0	0.0
24	LGQQQSFPPQQPY	p31-43	0.0	0.0	0.0	0.0	0.0	0.0	0.15317919019805207	0.14325646351063429	0.0	0.15967078145494984	0.0	0.0	0.16052141467217348	0.16685488377511326	0.0	0.16323474293060747	0.0	0.0	0.0	0.0	0.0	0.15667030113896652	0.0	0.0	0.0	0.0	0.0	0.1625615757386829	0.0	0.0	0.0	0.1655303024032943	0.16355489109949628	0.0	0.16981875425603327	0.16238502961501733	0.0	0.0	0.0	0.16514806315433536	0.0	0.15520411859064315	0.16974303232087212	0.0
25	LGQQQTFPPQQPY	p31-43	0.0458778887689621	0.04584221732110086	0.06302520970573103	0.06196702636744158	0.0570605184031094	0.05537459253325411	0.0	0.0	0.0	0.0	0.055258466694839775	0.04633867250378334	0.0	0.0	0.04347826070660322	0.0	0.05591677466894165	0.05061801029653908	0.06490565988750445	0.0	0.0	0.0	0.0	0.0619020818125938	0.0	0.0	0.0	0.0	0.06235827629048596	0.05083766579527634	0.05351773870404246	0.0	0.0	0.04413892892858564	0.0	0.0	0.0427126262918223	0.04885057443189325	0.06762917881740746	0.0	0.049828178408773315	0.0	0.0	0.06282124464408198
