	Variant	Original	ACA201	ACA202	ACA321	ACA903B	Antequera	ANZA	ARAGON03	ArturNick	Aucan	Baquette9	BIOINTA1001	BIOINTA1004	BIOINTA1005	BIOINTA2004	BuckBaqueano	BuckBrasil	BuckHuanchen	BuckNorteno	BuckPuelche	Bulel	CATEDRAL	DMarioAtlax	DonPedro	Escacena	HT435	HT444	HT460	INIACondor	Jerezano	KleinDonEnrique	KleinGavilan	KleinLeon	KleinRayo	KleinRendidor	KleinTigre	MarcosJuarez	OlaetaArtillero	proINTAGaucho	proINTAGranar	proINTAGuazu	proINTAOasis	RelmoSiriri	THA85	XEIXA
0	PFPQPQLSY	DQ2.5_glia_a1a	0.0	0.0	0.0	0.0	0.0	0.0	2.24	2.31	5.07	2.81	0.0	0.0	2.19	2.84	0.0	2.08	0.0	0.0	0.0	0.0	0.0	2.33	0.0	0.0	0.0	0.0	5.53	2.17	0.0	0.0	0.0	2.21	2.17	0.0	2.16	2.51	0.0	0.0	0.0	2.1	0.0	2.14	2.17	0.0
1	PFSQPQLPY	DQ2.5_glia_a1a	0.0	0.0	0.0	0.0	0.0	0.0	0.4	0.43	0.52	0.46	0.0	0.0	0.35	0.42	0.0	0.4	0.0	0.0	0.0	4.92	5.13	0.38	5.01	0.0	4.54	4.6899999999999995	0.51	0.36	0.0	0.0	0.0	0.34	0.35	0.0	0.41	0.39	0.0	0.0	0.0	0.38	0.0	0.38	0.37	0.0
2	PFPQPQVPY	DQ2.5_glia_a1a	0.0	0.0	0.0	0.0	0.0	0.0	0.0	0.0	0.0	0.0	0.0	0.0	0.0	0.0	0.0	0.0	0.0	0.0	0.0	0.53	0.8300000000000001	0.0	0.8300000000000001	0.0	0.68	0.8	0.0	0.0	0.0	0.0	0.0	0.0	0.0	0.0	0.0	0.0	0.0	0.0	0.0	0.0	0.0	0.0	0.0	0.0
3	PFPQLQLPY	DQ2.5_glia_a1a	0.0	0.0	0.0	0.0	0.0	0.0	0.0	0.0	0.0	0.0	0.0	0.0	0.0	0.0	0.0	0.0	0.0	0.0	0.0	2.72	2.99	0.0	3.14	0.0	2.61	2.88	0.0	0.0	0.0	0.0	0.0	0.0	0.0	0.0	0.0	0.0	0.0	0.0	0.0	0.0	0.0	0.0	0.0	0.0
4	PFLQPQLPY	DQ2.5_glia_a1a	0.0	0.0	0.0	0.0	0.0	0.0	0.81	0.8	0.57	0.9	0.0	0.0	0.66	0.86	0.0	0.58	0.0	0.0	0.0	0.0	0.0	0.66	0.0	0.0	0.0	0.0	0.76	0.68	0.0	0.0	0.0	0.61	0.63	0.0	0.68	0.85	0.0	0.0	0.0	0.65	0.0	0.68	0.72	0.0
5	PFPQPQLAY	DQ2.5_glia_a1a	0.0	0.0	0.0	0.0	0.0	0.0	1.97	2.05	0.0	2.54	0.0	0.0	1.98	2.74	0.0	1.99	0.0	0.0	0.0	0.0	0.0	2.15	0.0	0.0	0.0	0.0	0.0	2.04	0.0	0.0	0.0	2.09	2.09	0.0	2.2	2.23	0.0	0.0	0.0	2.07	0.0	2.04	2.18	0.0
6	PQPQLPYSQ	DQ2.5_glia_a2	23.21	22.3	13.82	14.719999999999999	14.65	15.489999999999998	25.919999999999998	26.52	24.73	34.080000000000005	14.14	14.51	25.61	33.1	21.28	25.4	12.66	14.3	14.11	34.33	32.06	26.17	33.45	15.29	34.33	33.63	26.669999999999998	24.78	14.94	14.32	13.93	24.949999999999996	25.56	21.94	26.14	29.37	21.119999999999997	14.309999999999999	14.049999999999999	24.94	14.52	25.74	25.92	14.78
7	PQPQLPYLQ	DQ2.5_glia_a2	0.0	0.0	0.0	0.0	0.0	0.0	6.2	6.039999999999999	2.28	5.82	0.0	0.0	5.97	8.43	0.0	4.36	0.0	0.0	0.0	2.68	2.37	6.16	2.55	0.0	2.84	2.66	2.38	6.15	0.0	0.0	0.0	6.15	6.23	0.0	8.129999999999999	7.29	0.0	0.0	0.0	6.2299999999999995	0.0	6.26	6.800000000000001	0.0
8	FPPQQPYPQ	DQ2.5_glia_a3	117.63	117.89999999999998	97.82	98.17	98.27	98.05	87.67	88.18	83.94000000000001	99.35000000000001	98.05999999999999	102.18	89.42999999999999	97.07000000000002	116.82000000000001	90.77000000000001	97.41000000000001	98.09999999999998	102.50000000000001	82.86000000000001	81.41000000000001	88.02999999999999	81.92	96.99000000000002	83.75	83.03	83.36	88.17999999999999	96.92999999999999	100.29	98.30000000000001	89.55999999999999	88.61	117.76000000000002	85.95	92.46000000000002	116.8	98.83	97.57000000000001	88.59	98.43999999999998	88.58999999999999	87.03999999999999	98.14999999999999
9	FRPQQLYPQ	DQ2.5_glia_a3	0.0	0.0	0.0	0.0	0.0	0.0	2.24	2.31	5.07	2.81	0.0	0.0	2.19	2.84	0.0	2.08	0.0	0.0	0.0	0.0	0.0	2.33	0.0	0.0	0.0	0.0	5.53	2.17	0.0	0.0	0.0	2.21	2.17	0.0	2.16	2.51	0.0	0.0	0.0	2.1	0.0	2.14	2.17	0.0
10	FRPQKPYPQ	DQ2.5_glia_a3	0.0	0.0	0.0	0.0	0.0	0.0	0.0	0.0	0.0	0.0	0.0	0.0	0.0	0.0	0.0	0.0	0.0	0.0	0.0	1.33	1.4	0.0	1.48	0.0	1.33	1.45	0.0	0.0	0.0	0.0	0.0	0.0	0.0	0.0	0.0	0.0	0.0	0.0	0.0	0.0	0.0	0.0	0.0	0.0
11	FRQQQPYPQ	DQ2.5_glia_a3	0.0	0.0	0.0	0.0	0.0	0.0	0.0	0.0	0.0	0.0	0.0	0.0	0.0	0.0	0.0	0.0	0.0	0.0	0.0	4.92	5.13	0.0	5.01	0.0	4.54	4.6899999999999995	0.0	0.0	0.0	0.0	0.0	0.0	0.0	0.0	0.0	0.0	0.0	0.0	0.0	0.0	0.0	0.0	0.0	0.0
12	FSPQQPYPQ	DQ2.5_glia_a3	0.0	0.0	0.0	0.0	0.0	0.0	2.11	2.34	2.51	3.69	0.0	0.0	2.83	3.67	0.0	2.8699999999999997	0.0	0.0	0.0	3.18	3.0	2.81	3.09	0.0	3.39	3.31	2.29	2.4899999999999998	0.0	0.0	0.0	2.81	2.5300000000000002	0.0	0.0	3.38	0.0	0.0	0.0	2.7600000000000002	0.0	2.5300000000000002	3.29	0.0
13	FRPQQPYPR	DQ2.5_glia_a3	0.0	0.0	0.0	0.0	0.0	0.0	2.39	2.62	3.0	3.42	0.0	0.0	2.49	3.51	0.0	2.36	0.0	0.0	0.0	0.0	0.0	2.32	0.0	0.0	0.0	0.0	2.96	2.41	0.0	0.0	0.0	2.19	2.36	0.0	2.52	2.9299999999999997	0.0	0.0	0.0	2.27	0.0	2.44	2.83	0.0
14	F*PQQPYPQ	DQ2.5_glia_a3	0.0	0.0	0.0	0.0	0.0	0.0	1.97	2.05	0.0	2.54	0.0	0.0	1.98	2.74	0.0	1.99	0.0	0.0	0.0	0.0	0.0	2.15	0.0	0.0	0.0	0.0	0.0	2.04	0.0	0.0	0.0	2.09	2.09	0.0	2.2	2.23	0.0	0.0	0.0	2.07	0.0	2.04	2.18	0.0
15	FQPQQPYPQ	DQ2.5_glia_a3	6.23	6.16	3.88	4.06	3.94	4.38	0.0	0.0	0.0	0.0	3.84	4.32	0.0	0.0	6.0	0.0	3.75	4.13	4.04	0.0	0.0	0.0	0.0	4.19	0.0	0.0	0.0	0.0	4.25	4.27	4.08	0.0	0.0	6.2	0.0	0.0	5.68	4.13	3.76	0.0	3.92	0.0	0.0	3.94
16	FLPQQPYPQ	DQ2.5_glia_a3	6.78	6.75	3.62	3.96	3.54	3.95	2.3	2.36	2.85	3.36	3.62	3.78	2.28	3.39	6.56	2.17	3.58	3.55	0.0	2.96	0.0	2.33	2.75	3.58	2.96	2.77	2.81	2.21	3.8	3.87	3.59	2.23	2.17	6.64	0.0	2.8	6.42	3.94	0.0	2.28	3.66	2.41	2.45	3.83
17	FRPQQSYPQ	DQ2.5_glia_a3	12.469999999999999	12.24	6.27	4.74	7.4399999999999995	5.01	4.2	2.86	0.0	5.83	7.51	7.05	2.94	3.98	13.25	4.25	7.380000000000001	7.37	7.59	0.0	0.0	3.28	0.0	7.15	0.0	0.0	0.0	2.79	4.93	8.14	7.45	4.14	2.55	12.57	2.75	4.75	12.59	5.33	7.4399999999999995	4.0	7.1	2.72	0.0	7.460000000000001
18	FQPQQPYPQ	DQ2.5_glia_g3	6.23	6.16	3.88	4.06	3.94	4.38	0.0	0.0	0.0	0.0	3.84	4.32	0.0	0.0	6.0	0.0	3.75	4.13	4.04	0.0	0.0	0.0	0.0	4.19	0.0	0.0	0.0	0.0	4.25	4.27	4.08	0.0	0.0	6.2	0.0	0.0	5.68	4.13	3.76	0.0	3.92	0.0	0.0	3.94
19	PGQQQPFPPQQPY	p31-43	52.540000000000006	53.46	62.93000000000001	61.19	62.26	63.14999999999999	38.65	38.029999999999994	38.120000000000005	28.730000000000004	62.12	66.73	40.5	26.9	55.790000000000006	42.08	65.86999999999999	64.66999999999999	70.53999999999999	37.54	41.55	37.86	37.11	62.79	38.05	38.470000000000006	35.63	40.08	63.07999999999999	66.66	65.42999999999999	40.67	40.43999999999999	55.629999999999995	40.68000000000001	33.03999999999999	55.599999999999994	62.21	66.39	40.51	62.63	39.18	35.81	62.44
20	IGQQQPFPPQQPY	p31-43	0.0	0.0	0.0	0.0	0.0	0.0	0.0	0.0	0.0	0.0	0.0	0.0	0.0	0.0	0.0	0.0	0.0	0.0	0.0	2.51	2.35	0.0	2.58	0.0	2.43	2.54	0.0	0.0	0.0	0.0	0.0	0.0	0.0	0.0	0.0	0.0	0.0	0.0	0.0	0.0	0.0	0.0	0.0	0.0
21	LGQQQQFPPQQPY	p31-43	0.0	0.0	0.0	0.0	0.0	0.0	1.96	1.94	2.28	0.0	0.0	0.0	1.66	2.52	0.0	0.0	0.0	0.0	0.0	4.92	5.13	1.85	5.01	0.0	4.54	4.6899999999999995	2.38	1.86	0.0	0.0	0.0	1.78	1.85	0.0	3.82	2.17	0.0	0.0	0.0	1.88	0.0	2.04	2.11	0.0
22	LGQQQPFRPQQPY	p31-43	0.0	0.0	0.0	0.0	0.0	0.0	0.0	0.0	0.0	0.0	0.0	0.0	0.0	0.0	0.0	0.0	0.0	0.0	0.0	0.65	0.67	0.0	0.73	0.0	0.65	0.65	0.0	0.0	0.0	0.0	0.0	0.0	0.0	0.0	0.0	0.0	0.0	0.0	0.0	0.0	0.0	0.0	0.0	0.0
23	LGQ*QPFPPQQPY	p31-43	0.0	0.0	0.0	0.0	0.0	0.0	0.0	0.0	0.38	0.0	0.0	0.0	0.0	0.0	0.0	0.0	0.0	0.0	0.0	1.03	1.44	0.0	1.4100000000000001	0.0	1.1600000000000001	1.42	0.67	0.0	0.0	0.0	0.0	0.0	0.0	0.0	0.0	0.0	0.0	0.0	0.0	0.0	0.0	0.0	0.0	0.0
24	LGKQQPFPPQQPY	p31-43	0.0	0.0	0.0	0.0	0.0	0.0	0.0	0.0	0.0	0.0	0.0	0.0	0.0	0.0	0.0	0.0	0.0	0.0	0.0	2.72	2.99	0.0	3.14	0.0	2.61	2.88	0.0	0.0	0.0	0.0	0.0	0.0	0.0	0.0	0.0	0.0	0.0	0.0	0.0	0.0	0.0	0.0	0.0	0.0
25	LGQQQSFPPQQPY	p31-43	0.0	0.0	0.0	0.0	0.0	0.0	4.24	4.1	0.0	5.82	0.0	0.0	4.31	5.91	0.0	4.36	0.0	0.0	0.0	0.0	0.0	4.31	0.0	0.0	0.0	0.0	0.0	4.29	0.0	0.0	0.0	4.37	4.38	0.0	4.31	5.12	0.0	0.0	0.0	4.35	0.0	4.22	4.69	0.0
26	LGQQQTFPPQQPY	p31-43	1.33	1.29	1.05	1.09	0.99	1.02	0.0	0.0	0.0	0.0	0.93	0.81	0.0	0.0	1.16	0.0	0.86	0.86	0.86	0.0	0.0	0.0	0.0	1.1	0.0	0.0	0.0	0.0	1.1	0.88	0.89	0.0	0.0	1.22	0.0	0.0	1.14	0.85	0.89	0.0	0.87	0.0	0.0	1.1
