	Variant	Original	ACA201	ACA202	ACA321	ACA903B	Antequera	ANZA	ARAGON03	ArturNick	Aucan	Baquette9	BIOINTA1001	BIOINTA1004	BIOINTA1005	BIOINTA2004	BuckBaqueano	BuckBrasil	BuckHuanchen	BuckNorteno	BuckPuelche	Bulel	CATEDRAL	DMarioAtlax	DonPedro	Escacena	HT435	HT444	HT460	INIACondor	Jerezano	KleinDonEnrique	KleinGavilan	KleinLeon	KleinRayo	KleinRendidor	KleinTigre	MarcosJuarez	OlaetaArtillero	proINTAGaucho	proINTAGranar	proINTAGuazu	proINTAOasis	RelmoSiriri	THA85	XEIXA
0	PQQPFPQQQ	DQ2.5_glia_g1	3.42	0.52	1.98	0.0	0.0	0.0	3.6399999999999997	1.9200000000000002	0.0	0.17	0.0	0.0	0.0	0.0	0.57	0.0	7.46	8.06	6.57	0.0	0.0	0.0	0.0	0.27	0.0	0.0	0.0	5.09	2.68	0.25	0.0	0.0	0.0	0.0	6.7700000000000005	3.5	0.47	0.83	0.0	0.61	7.86	0.27	0.0	2.98
1	PQQSIPQQQ	DQ2.5_glia_g1	0.0	0.0	0.0	0.63	0.0	0.0	0.0	0.0	0.0	0.0	0.27	0.0	0.0	0.27	0.56	0.0	0.0	0.38	0.0	0.0	0.0	0.0	0.0	0.0	0.0	0.0	0.0	0.26	0.0	0.5800000000000001	0.54	0.0	0.0	0.0	0.58	0.0	0.0	0.0	0.62	0.69	0.39	0.0	0.0	0.0
2	QPQQPQQPF	DQ2.5_glia_g2a	35.039999999999985	24.870000000000005	22.130000000000006	35.510000000000005	34.15	20.099999999999998	37.01	23.949999999999996	14.71	54.660000000000004	18.48	33.699999999999996	29.509999999999994	15.24	59.52000000000001	50.309999999999995	50.7	53.76000000000001	46.30000000000001	18.17	22.290000000000003	14.680000000000001	20.14	32.02	18.47	16.380000000000003	14.190000000000001	35.980000000000004	31.48	55.59	33.190000000000005	45.14	25.720000000000002	27.22	48.06000000000001	32.61000000000001	31.92	9.1	36.169999999999995	51.6	54.970000000000006	18.060000000000002	21.95	36.400000000000006
3	FPQQPQQQF	DQ2.5_glia_g2a	6.01	0.52	3.54	0.0	0.0	0.0	6.52	3.5100000000000002	0.0	0.17	0.0	0.0	0.0	0.0	0.57	0.0	8.29	14.48	12.22	0.0	0.0	0.0	0.0	0.27	0.0	0.0	0.0	5.09	2.68	0.25	0.0	0.0	0.0	0.0	7.09	3.5	0.47	1.66	0.0	0.9099999999999999	8.15	0.27	0.0	5.5
4	FPRQPQQPF	DQ2.5_glia_g2a	0.46	0.32	0.52	1.69	0.47	0.0	0.31	0.44	0.0	0.4	0.43	0.27	0.0	0.32	0.92	0.42	1.77	0.82	1.01	0.0	0.0	0.27	0.0	0.33	0.0	0.0	0.0	0.72	0.39	0.64	0.77	0.0	0.32	0.39	1.83	0.41	0.53	0.0	0.35	1.27	1.4	0.39	0.52	0.85
5	FLQQPQQPF	DQ2.5_glia_g2a	0.0	0.52	0.0	0.0	0.0	0.0	0.0	0.0	0.0	0.17	0.0	0.0	0.0	0.0	0.57	0.0	0.0	0.0	0.0	0.0	0.0	0.0	0.0	0.27	0.0	0.0	0.0	0.0	0.0	0.25	0.0	0.0	0.0	0.0	0.0	0.0	0.47	0.0	0.0	0.31	0.0	0.27	0.0	0.0
6	FPQQPRQPF	DQ2.5_glia_g2a	0.0	3.54	0.0	0.0	2.69	0.0	2.94	0.0	0.0	3.56	0.0	0.0	0.0	0.0	0.0	3.48	0.0	0.0	0.0	0.36	0.7	1.24	0.66	0.0	0.5	0.56	0.33	0.0	3.58	0.0	0.0	0.0	0.0	4.32	0.0	3.4	4.95	0.79	0.0	0.0	0.0	0.0	0.26	3.94
7	FPQQPQQPS	DQ2.5_glia_g2a	5.26	4.47	3.66	10.16	4.95	3.68	5.54	5.14	0.0	6.57	7.66	5.02	3.77	4.18	12.05	6.15	10.27	11.5	10.7	0.0	0.0	1.55	0.0	4.37	0.0	0.0	0.0	8.65	5.24	11.45	6.25	4.8	4.13	6.54	11.8	4.09	4.98	1.75	5.76	10.03	12.9	3.21	4.87	6.26
8	FPQQPQQPY	DQ2.5_glia_g2a	57.11	53.650000000000006	65.5	32.3	51.25	60.0	57.3	62.150000000000006	67.3	42.85	36.95	56.5	59.67	57.550000000000004	23.8	47.05	30.75	33.65	30.0	61.95	53.099999999999994	52.75	59.7	47.300000000000004	57.05	56.25	60.5	36.6	53.150000000000006	26.35	33.05	54.94	56.68	56.6	28.3	50.05	54.15	56.550000000000004	35.7	27.1	29.3	63.449999999999996	52.2	53.53
9	FPQQPQLPF	DQ2.5_glia_g2a	11.620000000000001	9.780000000000001	9.33	11.27	7.92	6.34	9.42	8.010000000000002	0.0	10.7	6.92	7.7	5.83	7.62	10.81	10.99	12.3	12.8	14.9	0.0	0.0	3.2800000000000002	0.0	8.67	0.0	0.0	0.0	10.38	8.55	7.3500000000000005	6.85	9.24	7.1	10.010000000000002	11.15	10.120000000000001	11.58	3.3200000000000003	7.6000000000000005	7.21	14.7	4.7299999999999995	5.15	10.56
10	FPQQPQQPL	DQ2.5_glia_g2a	0.0	0.0	0.0	0.27	0.0	0.0	0.0	0.0	0.0	0.0	0.0	0.0	0.0	0.27	0.26	0.0	0.0	0.0	0.0	0.0	0.0	0.0	0.0	0.0	0.0	0.0	0.0	0.0	0.0	0.28	0.27	0.0	0.0	0.0	0.0	0.0	0.0	0.0	0.36	0.41	0.0	0.0	0.0	0.0
11	FPQQRQQPF	DQ2.5_glia_g2a	4.33	3.87	0.33	0.0	3.63	0.34	4.39	0.46	0.0	4.32	0.0	0.29	2.61	0.47	0.0	3.82	0.0	0.0	0.0	0.0	0.0	1.31	0.0	0.41	0.0	0.0	0.0	0.0	4.07	0.0	0.0	5.08	3.33	4.61	0.0	3.29	4.87	1.46	0.0	0.0	0.0	0.3	0.0	3.61
12	FPQQSQQPF	DQ2.5_glia_g2a	0.41	0.67	0.84	0.0	0.92	0.56	1.55	1.09	1.45	1.65	0.0	0.48	0.47	0.95	0.0	0.58	0.0	0.0	0.0	2.21	2.73	0.27	2.4	0.87	1.83	2.24	1.89	0.0	1.22	0.0	0.0	1.02	0.48	0.66	0.0	0.52	1.4	0.16	0.0	0.0	0.0	0.27	0.68	1.14
13	FSQQPQQPF	DQ2.5_glia_g2a	0.0	0.42	0.0	0.0	0.0	0.0	0.29	0.0	0.0	0.28	0.0	0.0	0.0	0.0	0.0	0.0	0.0	0.0	0.0	0.0	0.0	0.28	0.0	0.46	0.0	0.0	0.0	0.0	0.32	0.0	0.0	0.0	0.0	0.0	0.0	0.3	0.0	0.0	0.0	0.0	0.0	0.0	0.0	0.35
14	YPQRPQQPF	DQ2.5_glia_g2b	13.149999999999999	22.23	8.299999999999999	21.65	13.870000000000001	16.63	11.45	9.96	0.0	11.81	28.45	9.940000000000001	15.72	11.959999999999999	17.75	10.44	17.65	18.15	21.65	0.0	0.0	34.56	0.0	18.14	0.0	0.0	0.0	28.9	14.72	20.5	29.6	12.299999999999999	18.580000000000002	16.259999999999998	25.1	21.94	12.54	33.71	25.95	21.45	16.96	16.33	19.25	11.95
15	QPQQPQQPF	DQ2.5_glia_g2b	35.039999999999985	24.870000000000005	22.130000000000006	35.510000000000005	34.15	20.099999999999998	37.01	23.949999999999996	14.71	54.660000000000004	18.48	33.699999999999996	29.509999999999994	15.24	59.52000000000001	50.309999999999995	50.7	53.76000000000001	46.30000000000001	18.17	22.290000000000003	14.680000000000001	20.14	32.02	18.47	16.380000000000003	14.190000000000001	35.980000000000004	31.48	55.59	33.190000000000005	45.14	25.720000000000002	27.22	48.06000000000001	32.61000000000001	31.92	9.1	36.169999999999995	51.6	54.970000000000006	18.060000000000002	21.95	36.400000000000006
16	QQPQQTYPQ	DQ2.5_glia_g3	13.149999999999999	22.23	8.299999999999999	21.65	13.870000000000001	16.63	11.45	9.96	0.0	11.81	28.45	9.940000000000001	15.72	11.959999999999999	17.75	10.44	17.65	18.15	21.65	0.0	0.0	34.56	0.0	18.14	0.0	0.0	0.0	28.9	14.72	20.5	29.6	12.299999999999999	18.580000000000002	16.259999999999998	25.1	21.94	12.54	33.71	25.95	21.45	16.96	16.33	19.25	11.95
17	QQPQQPLPQ	DQ2.5_glia_g3	10.709999999999999	5.91	8.06	11.54	0.0	3.4	8.67	6.83	0.0	6.38	6.92	0.0	3.22	0.54	11.07	7.17	19.76	20.86	21.470000000000002	0.0	0.0	1.97	0.0	5.5	0.0	0.0	0.0	15.47	2.68	0.56	7.12	0.0	3.77	0.0	6.7700000000000005	10.33	6.71	2.69	7.96	1.1199999999999999	22.56	3.04	5.15	9.930000000000001
18	QQPQQPSPQ	DQ2.5_glia_g3	5.26	4.47	3.66	10.16	4.95	3.68	5.54	5.14	0.0	6.57	7.66	5.02	3.77	4.18	12.05	6.15	10.27	11.5	10.7	0.0	0.0	1.55	0.0	4.37	0.0	0.0	0.0	8.65	5.24	11.45	6.25	4.8	4.13	6.54	11.8	4.09	4.98	1.75	5.76	10.03	12.9	3.21	4.87	6.26
19	HQPQQQFPQ	DQ2.5_glia_g4a	76.78	66.75	76.81	54.949999999999996	68.57000000000001	71.14	70.67	72.41	70.92	62.599999999999994	48.93000000000001	74.08	75.92	64.9	56.769999999999996	66.46000000000001	51.190000000000005	54.89	52.34	69.57	62.17999999999999	58.010000000000005	67.91	65.04999999999998	64.87	62.760000000000005	66.32	52.38000000000001	64.38	54.77	52.58	74.31	72.59	69.53	46.220000000000006	63.67	70.0	60.7	57.84	52.96	52.15	72.82	65.03	67.56
20	QQPQQQFPQ	DQ2.5_glia_g4a	14.040000000000001	9.23	9.62	22.65	13.690000000000001	8.2	11.86	8.75	3.62	23.25	11.98	13.91	12.17	3.4	32.97	23.36	21.27	27.660000000000004	27.990000000000002	7.62	9.08	6.069999999999999	8.21	14.58	7.82	6.51	5.82	15.780000000000001	7.16	28.42	19.53	18.64	10.47	8.32	18.240000000000002	10.33	10.98	3.52	22.14	26.16	23.14	7.680000000000001	12.83	13.07
21	HQPQQQFPQ	DQ2.5_glia_g4b	76.78	66.75	76.81	54.949999999999996	68.57000000000001	71.14	70.67	72.41	70.92	62.599999999999994	48.93000000000001	74.08	75.92	64.9	56.769999999999996	66.46000000000001	51.190000000000005	54.89	52.34	69.57	62.17999999999999	58.010000000000005	67.91	65.04999999999998	64.87	62.760000000000005	66.32	52.38000000000001	64.38	54.77	52.58	74.31	72.59	69.53	46.220000000000006	63.67	70.0	60.7	57.84	52.96	52.15	72.82	65.03	67.56
22	QQPQQQFPQ	DQ2.5_glia_g4b	14.040000000000001	9.23	9.62	22.65	13.690000000000001	8.2	11.86	8.75	3.62	23.25	11.98	13.91	12.17	3.4	32.97	23.36	21.27	27.660000000000004	27.990000000000002	7.62	9.08	6.069999999999999	8.21	14.58	7.82	6.51	5.82	15.780000000000001	7.16	28.42	19.53	18.64	10.47	8.32	18.240000000000002	10.33	10.98	3.52	22.14	26.16	23.14	7.680000000000001	12.83	13.07
23	PQPQQQLPQ	DQ2.5_glia_g4b	0.79	0.32	0.52	2.05	1.0499999999999998	0.0	0.31	0.44	0.0	0.68	0.43	0.79	0.0	0.5900000000000001	1.19	0.72	2.23	0.82	1.3599999999999999	0.0	0.0	0.27	0.0	0.33	0.0	0.0	0.0	1.0	0.78	1.4300000000000002	1.04	0.26	0.32	0.98	2.48	0.71	0.53	0.0	0.35	2.41	2.11	0.65	0.52	0.85
24	PQPRQQFPQ	DQ2.5_glia_g4b	0.0	3.54	0.0	0.0	2.69	0.0	2.94	0.0	0.0	3.56	0.0	0.0	0.0	0.0	0.0	3.48	0.0	0.0	0.0	0.36	0.7	1.24	0.66	0.0	0.5	0.56	0.33	0.0	3.58	0.0	0.0	0.0	0.0	4.32	0.0	3.4	4.95	0.79	0.0	0.0	0.0	0.0	0.26	3.94
25	PQPQQTFPQ	DQ2.5_glia_g4b	11.95	9.780000000000001	9.33	11.629999999999999	8.5	6.34	9.42	8.010000000000002	0.0	10.98	6.92	8.22	5.83	7.89	10.81	11.29	12.760000000000002	12.8	15.25	0.0	0.0	3.2800000000000002	0.0	8.67	0.0	0.0	0.0	10.38	8.940000000000001	8.14	7.119999999999999	9.5	7.1	10.600000000000001	11.8	10.42	11.58	3.3200000000000003	7.6000000000000005	7.97	15.01	4.989999999999999	5.15	10.56
26	PQPQQQFLQ	DQ2.5_glia_g4b	7.29	5.91	6.08	11.0	4.29	3.4	5.03	4.91	0.0	6.38	6.92	4.03	3.22	3.4	10.55	7.17	12.3	12.8	14.9	0.0	0.0	1.97	0.0	5.5	0.0	0.0	0.0	10.38	4.48	7.07	6.58	4.16	3.77	5.4	11.15	6.83	6.71	1.86	7.24	6.8	14.7	3.04	5.15	6.95
27	QQPQQTFPQ	DQ2.5_glia_g4c	34.66	50.370000000000005	23.98	66.16	35.02	39.11	34.599999999999994	27.189999999999998	0.0	32.71	73.49000000000001	25.95	38.69	27.58	54.79	31.959999999999997	60.9	64.12	63.71	0.0	0.0	77.83000000000001	0.0	39.84	0.0	0.0	0.0	75.15	37.790000000000006	59.730000000000004	69.94	29.32	41.75	37.129999999999995	67.68	49.790000000000006	34.3	79.66	67.76	60.989999999999995	61.269999999999996	38.089999999999996	49.69	34.989999999999995
28	IQPQQPFPQ	DQ2.5_glia_g4c	8.85	22.23	8.299999999999999	21.65	13.870000000000001	16.63	11.45	9.96	0.0	11.81	28.45	9.940000000000001	14.25	11.959999999999999	17.75	10.44	17.65	18.15	21.65	0.0	0.0	34.56	0.0	18.14	0.0	0.0	0.0	28.9	14.72	20.5	29.6	8.7	16.05	16.259999999999998	25.1	21.94	12.54	33.71	25.95	21.45	16.96	16.33	19.25	11.95
29	QRPQQPFPQ	DQ2.5_glia_g4c	13.149999999999999	22.23	8.299999999999999	21.65	13.870000000000001	16.63	11.45	9.96	0.0	11.81	28.45	9.940000000000001	15.72	11.959999999999999	17.75	10.44	17.65	18.15	21.65	0.0	0.0	34.56	0.0	18.14	0.0	0.0	0.0	28.9	14.72	20.5	29.6	12.299999999999999	18.580000000000002	16.259999999999998	25.1	21.94	12.54	33.71	25.95	21.45	16.96	16.33	19.25	11.95
30	QQPQQSFPQ	DQ2.5_glia_g4c	92.07999999999998	98.27000000000001	90.13000000000001	88.81	92.05000000000001	93.67000000000002	89.37	89.08	75.38	95.06	85.47	92.56	96.78999999999999	85.5	87.19	95.6	73.88000000000001	77.3	79.47999999999999	72.14000000000001	65.61	98.60000000000002	70.97	91.23999999999998	67.2	65.56	68.53999999999999	85.84	87.55999999999999	87.9	89.47	99.68000000000002	96.02	98.56	78.83000000000001	91.13000000000001	94.31	96.28	89.9	86.24	76.26	94.35	90.61	89.45999999999998
31	QQPQQIFPQ	DQ2.5_glia_g4c	48.48	34.75	57.959999999999994	0.63	38.79	42.86	46.84	54.379999999999995	70.31	33.19	0.27	48.55	42.849999999999994	49.89	1.13	35.879999999999995	7.46	8.44	6.57	62.31	53.8	12.84	60.36	32.86	57.55	56.81	60.83	5.35	42.36	0.8300000000000001	0.54	46.28	40.41	47.84	7.35	33.9	43.699999999999996	13.969999999999999	0.62	1.3	8.25	47.16	27.41	44.910000000000004
32	QQPQQQFPQ	DQ2.5_glia_g4c	14.040000000000001	9.23	9.62	22.65	13.690000000000001	8.2	11.86	8.75	3.62	23.25	11.98	13.91	12.17	3.4	32.97	23.36	21.27	27.660000000000004	27.990000000000002	7.62	9.08	6.069999999999999	8.21	14.58	7.82	6.51	5.82	15.780000000000001	7.16	28.42	19.53	18.64	10.47	8.32	18.240000000000002	10.33	10.98	3.52	22.14	26.16	23.14	7.680000000000001	12.83	13.07
33	QQPQLPFPQ	DQ2.5_glia_g4c	18.45	13.71	13.290000000000001	11.27	10.61	8.0	16.259999999999998	11.890000000000002	3.01	22.34	6.92	9.95	8.209999999999999	10.540000000000001	10.81	22.240000000000002	19.76	20.86	21.470000000000002	0.36	0.7	6.9399999999999995	0.66	10.96	0.5	0.56	0.33	15.47	14.81	7.3500000000000005	6.85	19.83	9.55	14.600000000000001	17.92	17.02	16.91	4.94	7.6000000000000005	7.51	22.56	6.069999999999999	5.41	17.87
34	QQPQQPLPQ	DQ2.5_glia_g4c	10.709999999999999	5.91	8.06	11.54	0.0	3.4	8.67	6.83	0.0	6.38	6.92	0.0	3.22	0.54	11.07	7.17	19.76	20.86	21.470000000000002	0.0	0.0	1.97	0.0	5.5	0.0	0.0	0.0	15.47	2.68	0.56	7.12	0.0	3.77	0.0	6.7700000000000005	10.33	6.71	2.69	7.96	1.1199999999999999	22.56	3.04	5.15	9.930000000000001
35	QQPQQPFLQ	DQ2.5_glia_g4c	6.13	5.46	5.02	11.85	6.34	4.24	7.3999999999999995	6.67	1.45	8.620000000000001	8.09	5.77	4.24	5.45	13.24	7.15	12.04	12.32	11.709999999999999	2.21	2.73	2.09	2.4	5.57	1.83	2.24	1.89	9.65	6.85	12.09	7.02	5.82	4.93	7.59	13.63	5.02	6.91	1.91	6.109999999999999	11.68	14.7	3.87	6.07	8.25
36	QQPQQPFPR	DQ2.5_glia_g4c	0.46	0.32	0.52	1.69	0.47	0.0	0.31	0.44	0.0	0.4	0.43	0.27	0.0	0.32	0.92	0.42	1.77	0.82	1.01	0.0	0.0	0.27	0.0	0.33	0.0	0.0	0.0	0.72	0.39	0.64	0.77	0.0	0.32	0.39	1.83	0.41	0.53	0.0	0.35	1.27	1.4	0.39	0.52	0.85
37	RQPQQPFPQ	DQ2.5_glia_g4c	0.46	0.32	0.52	1.69	0.47	0.0	0.31	0.44	0.0	0.4	0.43	0.27	0.0	0.32	0.92	0.42	1.77	0.82	1.01	0.0	0.0	0.27	0.0	0.33	0.0	0.0	0.0	0.72	0.39	0.64	0.77	0.0	0.32	0.39	1.83	0.41	0.53	0.0	0.35	1.27	1.4	0.39	0.52	0.85
38	QQPRQPFPQ	DQ2.5_glia_g4c	0.0	3.54	0.0	0.0	2.69	0.0	2.94	0.0	0.0	3.56	0.0	0.0	0.0	0.0	0.0	3.48	0.0	0.0	0.0	0.36	0.7	1.24	0.66	0.0	0.5	0.56	0.33	0.0	3.58	0.0	0.0	0.0	0.0	4.32	0.0	3.4	4.95	0.79	0.0	0.0	0.0	0.0	0.26	3.94
39	QQPKQPFPQ	DQ2.5_glia_g4c	0.0	0.0	0.0	0.0	0.0	0.0	0.0	0.0	0.0	0.0	0.0	0.0	0.0	0.0	0.27	0.0	0.0	0.0	0.0	0.0	0.0	0.0	0.0	0.0	0.0	0.0	0.0	0.28	0.0	0.0	0.0	0.0	0.0	0.0	0.0	0.0	0.0	0.0	0.0	0.38	0.4	0.0	0.0	0.0
40	QQPQQPSPQ	DQ2.5_glia_g4c	5.26	4.47	3.66	10.16	4.95	3.68	5.54	5.14	0.0	6.57	7.66	5.02	3.77	4.18	12.05	6.15	10.27	11.5	10.7	0.0	0.0	1.55	0.0	4.37	0.0	0.0	0.0	8.65	5.24	11.45	6.25	4.8	4.13	6.54	11.8	4.09	4.98	1.75	5.76	10.03	12.9	3.21	4.87	6.26
41	KQPQQPFPQ	DQ2.5_glia_g4c	46.91	34.77	57.66	10.16	41.050000000000004	44.879999999999995	45.54	55.64	67.3	35.769999999999996	7.66	51.32	44.239999999999995	50.88	12.05	38.55	10.27	11.5	10.7	61.95	53.099999999999994	12.850000000000001	59.7	34.67	57.05	56.25	60.5	8.65	41.34	11.45	6.25	47.78	42.09	49.79	11.8	31.09	42.879999999999995	14.1	5.76	10.03	12.9	48.76	32.019999999999996	43.86
42	QQPQQLFPQ	DQ2.5_glia_g4c	15.46	23.770000000000003	11.5	32.57	15.15	18.8	17.59	11.65	0.0	13.93	36.95	10.2	19.2	11.12	24.060000000000002	14.65	30.75	33.65	30.0	0.0	0.0	41.730000000000004	0.0	17.46	0.0	0.0	0.0	36.6	17.37	26.630000000000003	33.32	11.96	18.720000000000002	13.35	28.3	23.35	16.25	44.2	36.06	27.51	29.3	17.9	25.05	16.28
43	QQRQQPFPQ	DQ2.5_glia_g4c	4.33	3.87	0.33	0.0	3.63	0.34	4.39	0.46	0.0	4.32	0.0	0.29	2.61	0.47	0.0	3.82	0.0	0.0	0.0	0.0	0.0	1.31	0.0	0.41	0.0	0.0	0.0	0.0	4.07	0.0	0.0	5.08	3.33	4.61	0.0	3.29	4.87	1.46	0.0	0.0	0.0	0.3	0.0	3.61
44	QQPQQAFPQ	DQ2.5_glia_g4c	0.41	0.67	0.84	0.0	0.92	0.56	1.55	1.09	1.45	1.65	0.0	0.48	0.47	0.95	0.0	0.58	0.0	0.0	0.0	2.21	2.73	0.27	2.4	0.87	1.83	2.24	1.89	0.0	1.22	0.0	0.0	1.02	0.48	0.66	0.0	0.52	1.4	0.16	0.0	0.0	0.0	0.27	0.68	1.14
45	QQSQQPFPQ	DQ2.5_glia_g4c	0.41	0.67	0.84	0.0	0.92	0.56	1.55	1.09	1.45	1.65	0.0	0.48	0.47	0.95	0.0	0.58	0.0	0.0	0.0	2.21	2.73	0.27	2.4	0.87	1.83	2.24	1.89	0.0	1.22	0.0	0.0	1.02	0.48	0.66	0.0	0.52	1.4	0.16	0.0	0.0	0.0	0.27	0.68	1.14
46	QQPHQPFPQ	DQ2.5_glia_g4c	0.41	0.67	0.84	0.0	0.92	0.56	1.55	1.09	1.45	1.65	0.0	0.48	0.47	0.95	0.0	0.58	0.0	0.0	0.0	2.21	2.73	0.27	2.4	0.87	1.83	2.24	1.89	0.0	1.22	0.0	0.0	1.02	0.48	0.66	0.0	0.52	1.4	0.16	0.0	0.0	0.0	0.27	0.68	1.14
47	PQPQQPFSQ	DQ2.5_glia_g4d	0.0	0.52	0.0	0.0	0.0	0.0	0.0	0.0	0.0	0.17	0.0	0.0	0.0	0.0	0.57	0.0	0.0	0.0	0.0	0.0	0.0	0.0	0.0	0.27	0.0	0.0	0.0	0.0	0.0	0.25	0.0	0.0	0.0	0.0	0.0	0.0	0.47	0.0	0.0	0.31	0.0	0.27	0.0	0.0
48	IQPQQPFPQ	DQ2.5_glia_g4e	8.85	22.23	8.299999999999999	21.65	13.870000000000001	16.63	11.45	9.96	0.0	11.81	28.45	9.940000000000001	14.25	11.959999999999999	17.75	10.44	17.65	18.15	21.65	0.0	0.0	34.56	0.0	18.14	0.0	0.0	0.0	28.9	14.72	20.5	29.6	8.7	16.05	16.259999999999998	25.1	21.94	12.54	33.71	25.95	21.45	16.96	16.33	19.25	11.95
49	RQPQQPFPQ	DQ2.5_glia_g4e	0.46	0.32	0.52	1.69	0.47	0.0	0.31	0.44	0.0	0.4	0.43	0.27	0.0	0.32	0.92	0.42	1.77	0.82	1.01	0.0	0.0	0.27	0.0	0.33	0.0	0.0	0.0	0.72	0.39	0.64	0.77	0.0	0.32	0.39	1.83	0.41	0.53	0.0	0.35	1.27	1.4	0.39	0.52	0.85
50	LQPQQVFPQ	DQ2.5_glia_g4e	0.0	0.0	0.0	0.0	0.0	0.0	0.0	0.0	0.0	7.82	0.0	0.0	0.0	0.0	0.0	7.77	0.0	0.0	0.0	0.0	0.0	2.12	0.0	0.0	0.0	0.0	0.0	0.0	0.0	0.0	0.0	7.29	0.0	0.0	0.0	0.0	0.0	0.0	0.0	0.0	0.0	0.0	0.0	0.0
51	KQPQQPFPQ	DQ2.5_glia_g4e	46.91	34.77	57.66	10.16	41.050000000000004	44.879999999999995	45.54	55.64	67.3	35.769999999999996	7.66	51.32	44.239999999999995	50.88	12.05	38.55	10.27	11.5	10.7	61.95	53.099999999999994	12.850000000000001	59.7	34.67	57.05	56.25	60.5	8.65	41.34	11.45	6.25	47.78	42.09	49.79	11.8	31.09	42.879999999999995	14.1	5.76	10.03	12.9	48.76	32.019999999999996	43.86
52	LQPRQPFPQ	DQ2.5_glia_g4e	41.65	30.3	54.0	0.0	36.1	41.2	40.0	50.5	67.3	29.2	0.0	46.3	40.47	46.7	0.0	32.4	0.0	0.0	0.0	61.95	53.099999999999994	11.3	59.7	30.299999999999997	57.05	56.25	60.5	0.0	36.1	0.0	0.0	42.98	37.96	43.25	0.0	27.0	37.9	12.35	0.0	0.0	0.0	45.55	27.15	37.6
53	LQPQQAFPQ	DQ2.5_glia_g4e	0.41	0.67	0.84	0.0	0.92	0.56	1.55	1.09	1.45	1.65	0.0	0.48	0.47	0.95	0.0	0.58	0.0	0.0	0.0	2.21	2.73	0.27	2.4	0.87	1.83	2.24	1.89	0.0	1.22	0.0	0.0	1.02	0.48	0.66	0.0	0.52	1.4	0.16	0.0	0.0	0.0	0.27	0.68	1.14
54	QLPFPQQPQ	DQ2.5_glia_g5	14.450000000000001	9.1	12.96	22.92	13.690000000000001	12.459999999999999	9.24	11.76	6.63	23.34	11.98	19.54	14.549999999999999	10.07	32.660000000000004	23.36	20.44	21.240000000000002	22.340000000000003	7.62	9.08	6.37	8.21	19.36	7.82	6.51	5.82	15.780000000000001	7.16	28.450000000000003	19.799999999999997	21.28	12.5	8.59	17.92	10.33	10.89	2.69	22.5	25.96	22.85	10.14	12.83	10.810000000000002
55	QQPFPQQQQ	DQ2.5_glia_g5	3.42	0.52	1.98	0.0	0.0	0.0	3.6399999999999997	1.9200000000000002	0.0	0.17	0.0	0.0	0.0	0.0	0.57	0.0	7.46	8.06	6.57	0.0	0.0	0.0	0.0	0.27	0.0	0.0	0.0	5.09	2.68	0.25	0.0	0.0	0.0	0.0	6.7700000000000005	3.5	0.47	0.83	0.0	0.61	7.86	0.27	0.0	2.98
56	QQPFPRQPQ	DQ2.5_glia_g5	0.46	0.32	0.52	1.69	0.47	0.0	0.31	0.44	0.0	0.4	0.43	0.27	0.0	0.32	0.92	0.42	1.77	0.82	1.01	0.0	0.0	0.27	0.0	0.33	0.0	0.0	0.0	0.72	0.39	0.64	0.77	0.0	0.32	0.39	1.83	0.41	0.53	0.0	0.35	1.27	1.4	0.39	0.52	0.85
57	QQPFSQQPQ	DQ2.5_glia_g5	8.12	8.35	4.49	0.0	5.0600000000000005	3.84	7.66	5.0600000000000005	3.01	7.970000000000001	0.0	4.75	3.8499999999999996	6.43	0.57	6.34	0.0	0.35	0.0	0.36	0.7	2.7800000000000002	0.66	5.86	0.5	0.56	0.33	0.0	7.82	0.25	0.0	7.5600000000000005	5.4	8.649999999999999	0.0	7.04	9.58	1.85	0.0	0.31	0.0	3.34	0.26	8.51
58	QQPFYQQPQ	DQ2.5_glia_g5	0.33	2.8	0.0	11.65	9.4	4.8	0.31	0.33	3.62	8.88	5.06	9.88	8.95	0.0	21.85	8.42	0.68	0.38	0.87	7.62	9.08	1.98	8.21	8.81	7.82	6.51	5.82	0.31	0.0	21.1	12.95	6.53	6.28	2.92	0.0	0.0	3.8	0.0	14.9	18.45	0.29	4.37	7.68	0.49
59	QQPYPQQPQ	DQ2.5_glia_g5	57.519999999999996	53.650000000000006	65.5	32.3	51.25	60.0	57.3	62.150000000000006	67.3	42.85	36.95	56.5	59.67	57.550000000000004	23.8	47.05	30.75	33.65	30.0	61.95	53.099999999999994	52.75	59.7	47.300000000000004	57.05	56.25	60.5	36.6	53.150000000000006	26.35	33.05	55.6	57.1	56.6	28.3	50.05	54.15	56.550000000000004	35.7	27.1	29.3	63.449999999999996	52.2	53.660000000000004
60	RQPFPQQPQ	DQ2.5_glia_g5	41.65	30.3	54.0	0.0	36.1	41.2	40.0	50.5	67.3	29.2	0.0	46.3	40.47	46.7	0.0	32.4	0.0	0.0	0.0	61.95	53.099999999999994	11.3	59.7	30.299999999999997	57.05	56.25	60.5	0.0	36.1	0.0	0.0	42.98	37.96	43.25	0.0	27.0	37.9	12.35	0.0	0.0	0.0	45.55	27.15	37.6
61	QQTFPQQPQ	DQ2.5_glia_g5	11.620000000000001	9.780000000000001	9.33	11.27	7.92	6.34	9.42	8.010000000000002	0.0	10.7	6.92	7.7	5.83	7.62	10.81	10.99	12.3	12.8	14.9	0.0	0.0	3.2800000000000002	0.0	8.67	0.0	0.0	0.0	10.38	8.55	7.3500000000000005	6.85	9.24	7.1	10.010000000000002	11.15	10.120000000000001	11.58	3.3200000000000003	7.6000000000000005	7.21	14.7	4.7299999999999995	5.15	10.56
62	QQPFCQQPQ	DQ2.5_glia_g5	11.620000000000001	9.780000000000001	9.33	11.0	7.92	6.34	9.42	8.010000000000002	0.0	10.7	6.92	7.7	5.83	7.35	10.55	10.99	12.3	12.8	14.9	0.0	0.0	3.2800000000000002	0.0	8.67	0.0	0.0	0.0	10.38	8.55	7.07	6.58	9.24	7.1	10.010000000000002	11.15	10.120000000000001	11.58	3.3200000000000003	7.24	6.8	14.7	4.7299999999999995	5.15	10.56
63	QQAFPQQPQ	DQ2.5_glia_g5	0.41	0.67	0.84	0.0	0.92	0.56	1.55	1.09	1.45	1.65	0.0	0.48	0.47	0.95	0.0	0.58	0.0	0.0	0.0	2.21	2.73	0.27	2.4	0.87	1.83	2.24	1.89	0.0	1.22	0.0	0.0	1.02	0.48	0.66	0.0	0.52	1.4	0.16	0.0	0.0	0.0	0.27	0.68	1.14
64	QQPFPQQSQ	DQ2.5_glia_g5	0.41	0.67	0.84	0.0	0.92	0.56	1.55	1.09	1.45	1.65	0.0	0.48	0.47	0.95	0.0	0.58	0.0	0.0	0.0	2.21	2.73	0.27	2.4	0.87	1.83	2.24	1.89	0.0	1.22	0.0	0.0	1.02	0.48	0.66	0.0	0.52	1.4	0.16	0.0	0.0	0.0	0.27	0.68	1.14
65	PFPQPHQPF	DQ2.5_glia_w1	8.85	18.75	5.79	21.65	11.5	14.45	7.279999999999999	6.859999999999999	0.0	8.11	28.45	7.44	14.25	8.45	17.75	7.58	17.65	17.799999999999997	21.65	0.0	0.0	33.6	0.0	15.3	0.0	0.0	0.0	28.9	10.8	20.5	29.6	8.7	16.05	12.2	25.1	18.6	8.76	32.65	25.95	21.45	16.96	14.6	19.25	8.25
66	PFPQPQQQF	DQ2.5_glia_w1	21.299999999999997	27.16	14.37	22.009999999999998	22.71	21.79	17.650000000000002	16.11	4.46	25.86	28.72	20.37	21.18	23.18	18.05	22.609999999999996	17.65	18.529999999999998	21.65	2.21	2.73	38.56	2.4	24.47	1.83	2.24	1.89	29.16	24.490000000000002	27.87	29.87	33.15	24.840000000000003	27.2	36.83	25.75	19.189999999999998	35.33	26.21	28.53	17.35	19.63	19.93	17.09
67	PFPQPQQPQ	DQ2.5_glia_w1	76.67999999999999	59.05	76.89000000000001	44.82	73.15	64.13999999999999	72.9	73.99	80.56	87.85000000000001	24.97	83.28	72.72999999999999	64.07	67.74	88.88	46.31000000000001	49.62	47.05000000000001	77.91	72.66	27.410000000000004	77.44	66.07999999999998	73.69	70.39	72.80000000000001	35.18	65.09	61.52	39.0	91.91999999999999	67.07	74.82	43.84	58.51	73.66	21.490000000000002	43.06	55.53	52.15	65.44999999999999	53.05	73.13
68	PFLQPQQPF	DQ2.5_glia_w1	5.72	4.79	4.18	11.85	5.42	3.68	5.85	5.58	0.0	6.970000000000001	8.09	5.289999999999999	3.77	4.5	13.24	6.57	12.04	12.32	11.709999999999999	0.0	0.0	1.82	0.0	4.7	0.0	0.0	0.0	9.65	5.63	12.09	7.02	4.8	4.45	6.93	13.63	4.5	5.510000000000001	1.75	6.109999999999999	11.68	14.7	3.6	5.390000000000001	7.109999999999999
69	PFRQPQQPF	DQ2.5_glia_w1	0.33	2.8	0.0	11.65	9.4	4.8	0.31	0.33	3.62	8.88	5.06	9.88	8.95	0.0	21.85	8.42	0.68	0.38	0.87	7.62	9.08	1.98	8.21	8.81	7.82	6.51	5.82	0.31	0.0	21.1	12.95	6.53	6.28	2.92	0.0	0.0	3.8	0.0	14.9	18.45	0.29	4.37	7.68	0.49
70	IFPQPQQPF	DQ2.5_glia_w1	0.0	0.0	0.0	0.36	0.0	0.0	0.0	0.0	0.0	0.0	0.27	0.0	0.0	0.0	0.3	0.0	0.0	0.38	0.0	0.0	0.0	0.0	0.0	0.0	0.0	0.0	0.0	0.26	0.0	0.3	0.27	0.0	0.0	0.0	0.58	0.0	0.0	0.0	0.26	0.28	0.39	0.0	0.0	0.0
71	PSPQPQQPF	DQ2.5_glia_w1	7.29	5.91	6.08	11.0	0.0	3.4	5.03	4.91	0.0	6.38	6.92	0.0	3.22	0.0	10.55	7.17	12.3	12.8	14.9	0.0	0.0	1.97	0.0	5.5	0.0	0.0	0.0	10.38	0.0	0.0	6.58	0.0	3.77	0.0	0.0	6.83	6.71	1.86	7.24	0.0	14.7	3.04	5.15	6.95
72	PFPQPQQTF	DQ2.5_glia_w1	11.620000000000001	9.780000000000001	9.33	11.0	7.92	6.34	9.42	8.010000000000002	0.0	10.7	6.92	7.7	5.83	7.35	10.55	10.99	12.3	12.8	14.9	0.0	0.0	3.2800000000000002	0.0	8.67	0.0	0.0	0.0	10.38	8.55	7.07	6.58	9.24	7.1	10.010000000000002	11.15	10.120000000000001	11.58	3.3200000000000003	7.24	6.8	14.7	4.7299999999999995	5.15	10.56
73	IQPQQPFPQ	DQ2.5_hor_2	8.85	22.23	8.299999999999999	21.65	13.870000000000001	16.63	11.45	9.96	0.0	11.81	28.45	9.940000000000001	14.25	11.959999999999999	17.75	10.44	17.65	18.15	21.65	0.0	0.0	34.56	0.0	18.14	0.0	0.0	0.0	28.9	14.72	20.5	29.6	8.7	16.05	16.259999999999998	25.1	21.94	12.54	33.71	25.95	21.45	16.96	16.33	19.25	11.95
74	PQQQQPFPQ	DQ2.5_hor_2	3.42	0.52	1.98	0.0	0.0	0.0	3.6399999999999997	1.9200000000000002	0.0	0.17	0.0	0.0	0.0	0.0	0.57	0.0	7.46	8.06	6.57	0.0	0.0	0.0	0.0	0.27	0.0	0.0	0.0	5.09	2.68	0.25	0.0	0.0	0.0	0.0	6.7700000000000005	3.5	0.47	0.83	0.0	0.61	7.86	0.27	0.0	2.98
75	RQPQQPFPQ	DQ2.5_hor_2	0.46	0.32	0.52	1.69	0.47	0.0	0.31	0.44	0.0	0.4	0.43	0.27	0.0	0.32	0.92	0.42	1.77	0.82	1.01	0.0	0.0	0.27	0.0	0.33	0.0	0.0	0.0	0.72	0.39	0.64	0.77	0.0	0.32	0.39	1.83	0.41	0.53	0.0	0.35	1.27	1.4	0.39	0.52	0.85
76	PQPQQPFSQ	DQ2.5_hor_2	0.0	0.52	0.0	0.0	0.0	0.0	0.0	0.0	0.0	0.17	0.0	0.0	0.0	0.0	0.57	0.0	0.0	0.0	0.0	0.0	0.0	0.0	0.0	0.27	0.0	0.0	0.0	0.0	0.0	0.25	0.0	0.0	0.0	0.0	0.0	0.0	0.47	0.0	0.0	0.31	0.0	0.27	0.0	0.0
77	KQPQQPFPQ	DQ2.5_hor_2	46.91	34.77	57.66	10.16	41.050000000000004	44.879999999999995	45.54	55.64	67.3	35.769999999999996	7.66	51.32	44.239999999999995	50.88	12.05	38.55	10.27	11.5	10.7	61.95	53.099999999999994	12.850000000000001	59.7	34.67	57.05	56.25	60.5	8.65	41.34	11.45	6.25	47.78	42.09	49.79	11.8	31.09	42.879999999999995	14.1	5.76	10.03	12.9	48.76	32.019999999999996	43.86
78	PQPQQTFPQ	DQ2.5_hor_2	11.95	9.780000000000001	9.33	11.629999999999999	8.5	6.34	9.42	8.010000000000002	0.0	10.98	6.92	8.22	5.83	7.89	10.81	11.29	12.760000000000002	12.8	15.25	0.0	0.0	3.2800000000000002	0.0	8.67	0.0	0.0	0.0	10.38	8.940000000000001	8.14	7.119999999999999	9.5	7.1	10.600000000000001	11.8	10.42	11.58	3.3200000000000003	7.6000000000000005	7.97	15.01	4.989999999999999	5.15	10.56
